53941.486800  9.83700
53941.487100  9.84700
53941.487500  9.85400
53941.487800  9.83700
53941.493500  9.85500
53941.493800  9.84400
53941.494200  9.83900
53941.494500  9.84500
53942.510700  9.86300
53942.511000  9.86200
53942.511400  9.83000
53942.511700  9.85800
53942.517100  9.83600
53942.517500  9.85300
53942.517800  9.87900
53942.518200  9.86800
53943.492100  9.86300
53943.492400  9.86600
53943.492800  9.86500
53943.493100  9.83200
53943.497800  9.83200
53943.498100  9.84800
53943.498500  9.82400
53943.498800  9.82300
53946.557850  9.83200
53946.558200  9.85400
53946.558550  9.83600
53946.558890  9.84700
53946.562640  9.87600
53946.562990  9.86700
53946.563340  9.88100
53946.563680  9.84100
53947.503070  9.84200
53947.503414  9.84600
53947.503761  9.83600
53947.504108  9.85000
53947.510139  9.83500
53947.510486  9.84700
53947.510833  9.84300
53947.511180  9.85400
53948.438895 10.38400
53948.440284 10.35100
53948.441650 10.32300
53948.443177 10.22300
53948.449682 10.16000
53948.451719 10.15100
53948.453351 10.19400
53948.454821 10.14300
53948.461488 10.14900
53948.463085 10.16100
53948.464508 10.10200
53948.465874 10.12100
53948.473062 10.06300
53948.474532 10.08600
53948.475909 10.04600
53948.477633 10.04400
53948.484798  9.98700
53948.487865  9.96200
53948.490300  9.95000
53948.491900  9.94200
53948.498400  9.93800
53948.499800  9.91500
53948.502000  9.87500
53948.503400  9.92500
53948.509700  9.90000
53948.511200  9.89600
53948.512700  9.89300
53948.514100  9.94000
53948.520500  9.84000
53948.522000  9.84900
53948.523400  9.90200
53948.524800  9.86400
53948.531600  9.84000
53948.533600  9.85700
53948.535900  9.89100
53948.537300  9.83900
53948.543900  9.87000
53948.545300  9.85400
53948.547000  9.86300
53948.548400  9.85100
53951.495400  9.85000
53951.495723  9.84100
53951.496070  9.83300
53951.496418  9.83700
53951.500168  9.83300
53951.500515  9.84200
53951.500862  9.84800
53951.501209  9.84600
53953.468339  9.82600
53953.468686  9.82800
53953.469034  9.85800
53953.469381  9.83300
53953.473524  9.84500
53953.473872  9.85200
53953.474219  9.84700
53953.474566  9.85900
53954.426242  9.79200
53954.426624  9.83900
53954.427006  9.81000
53954.427388  9.81200
53954.432157  9.85300
53954.432550  9.87500
53954.432920  9.86600
53954.433302  9.84100
53954.439981  9.85200
53954.440640  9.80300
53954.441335  9.86800
53954.441728  9.86400
53954.447168  9.88200
53954.447562  9.84500
53954.448036  9.82100
53954.448407  9.88100
53954.454506  9.85600
53954.455004  9.84800
53954.455582  9.88700
53954.456960  9.89600
53954.462307  9.89000
53954.462689  9.78500
53954.463117  9.81200
53954.464390  9.88000
53954.469529  9.91800
53954.469911  9.83900
53954.470687  9.86100
53954.471057  9.79400
53954.476103  9.88500
53954.476520  9.84300
53954.477365  9.89800
53954.477770  9.85900
53954.483164  9.86500
53954.483626  9.86000
53954.490652  9.81500
53954.491092  9.85000
53954.491914  9.89100
53954.498210  9.82300
53954.498765  9.81200
53954.499471  9.91000
53954.499900  9.92000
53954.505710  9.81600
53954.506103  9.77500
53954.506775  9.91500
53954.507168  9.85400
53954.512295  9.84500
53954.512712  9.81000
53954.513372  9.84900
53954.513765  9.84800
53954.519066  9.88200
53954.519483  9.84600
53954.520166  9.89000
53954.520548  9.87300
53954.525363  9.87100
53954.525800  9.87900
53954.526100  9.90000
53954.526500  9.83500
53954.531100  9.83600
53954.531500  9.92900
53954.531800  9.84700
53954.532200  9.84300
53954.537100  9.84500
53954.537400  9.87900
53954.537800  9.84400
53954.538200  9.91400
53954.543300  9.83500
53954.543700  9.85000
53954.544200  9.81700
53954.544600  9.84500
53954.545000  9.79200
53954.549900  9.87400
53954.550400  9.86100
53954.550700  9.79600
53954.551300  9.85100
53954.556200  9.79800
53954.556600  9.90200
53954.557200  9.85400
53954.557600  9.82800
53954.563000  9.88600
53954.563400  9.85100
53954.564000  9.92200
53954.564400  9.89800
53954.568700  9.86200
53954.569100  9.85900
53954.569600  9.85900
53954.570000  9.84500
53955.560000  9.82700
53955.560400  9.80900
53955.560700  9.81200
53955.561100  9.83200
53955.565200  9.82100
53955.565500  9.82600
53955.565900  9.83100
53955.566200  9.81900
53956.491300  9.80900
53956.491800  9.78600
53956.492200  9.86500
53956.492600  9.80000
53956.496900  9.80500
53956.497400  9.88900
53956.497800  9.86800
53956.498200  9.93000
53959.453500  9.83200
53959.453900  9.81400
53959.454500  9.79600
53959.454900  9.81900
53959.460300  9.86700
53959.460700  9.80400
53959.461400  9.85800
53959.461800  9.86800
53960.401200  9.85900
53960.401600  9.82400
53960.402400  9.85300
53960.402800  9.84800
53960.408600  9.88000
53960.409000  9.87200
53960.409900  9.88000
53960.410200  9.86800
53960.568300  9.81100
53960.568700  9.82100
53960.569000  9.81500
53960.569300  9.80300
53960.573500  9.85900
53960.573900  9.83100
53960.574200  9.81400
53960.574600  9.83100
53962.442400  9.85600
53962.442800  9.83700
53962.444000  9.83300
53962.444400  9.78900
53962.449200  9.80500
53962.449600  9.89800
53962.450300  9.89300
53962.450600  9.86700
53964.563900  9.88400
53964.564300  9.86600
53964.564600  9.85700
53964.565000  9.85500
53964.569800  9.90300
53964.570100  9.88000
53964.570500  9.86000
53964.570800  9.87400
53965.566900  9.88500
53965.567300  9.89500
53965.567600  9.86700
53965.568000  9.86900
53965.574700  9.83400
53965.575000  9.85300
53965.575400  9.79800
53965.575700  9.86600
53967.507100  9.82300
53967.507400  9.86000
53967.507800  9.84700
53967.508100  9.83000
53967.514100  9.86800
53967.514500  9.85600
53967.514800  9.85300
53967.515200  9.84900
53968.376400  9.82100
53968.376800  9.88000
53968.377200  9.82800
53968.377500  9.83300
53968.377900  9.86800
53968.379000  9.76600
53968.379300  9.82800
53968.379700  9.85800
53968.384300  9.83200
53968.384700  9.77300
53968.385100  9.88400
53968.385400  9.77700
53968.386100  9.80400
53968.386500  9.81100
53968.386900  9.86000
53968.387200  9.83200
53968.392000  9.90300
53968.392400  9.86000
53968.392700  9.91900
53968.393100  9.82300
53968.394100  9.86200
53968.394500  9.87700
53968.394900  9.94000
53968.395300  9.89200
53968.400400  9.82200
53968.400800  9.90400
53968.401100  9.79200
53968.401500  9.79600
53968.402500  9.78500
53968.402900  9.85300
53968.403300  9.79800
53968.403600  9.86300
53968.408600  9.83200
53968.409000  9.83500
53968.409400  9.79800
53968.409900  9.78900
53968.410600  9.88000
53968.411000  9.80900
53968.411400  9.83100
53968.411700  9.80500
53968.415900  9.82800
53968.416400  9.87300
53968.416800  9.77200
53968.417200  9.81500
53968.418000  9.85500
53968.418300  9.83200
53968.418700  9.81200
53968.419100  9.77400
53968.424700  9.84800
53968.425000  9.84900
53968.425400  9.82700
53968.425800  9.83500
53968.426900  9.84100
53968.427300  9.80700
53968.427700  9.88000
53968.428000  9.86400
53968.433300  9.84800
53968.433600  9.86600
53968.434000  9.90800
53968.434400  9.94100
53968.435500  9.90900
53968.435800  9.89100
53968.436200  9.92600
53968.436600  9.85200
53968.442700  9.89000
53968.443100  9.86000
53968.443500  9.84200
53968.443900  9.87200
53968.445100  9.88500
53968.445400  9.86100
53968.445800  9.91400
53968.446200  9.88300
53968.451800  9.89400
53968.452200  9.93400
53968.452500 10.00100
53968.452900  9.98100
53968.453800  9.90900
53968.454100  9.97400
53968.454500 10.02900
53968.454900  9.92300
53968.460500  9.97500
53968.460900 10.01700
53968.461300  9.98100
53968.461700  9.94700
53968.462500 10.07800
53968.463000  9.98500
53968.463400  9.98800
53968.463800  9.94000
53968.469200  9.97300
53968.469600  9.98300
53968.470000  9.98600
53968.470400  9.99600
53968.471800 10.03700
53968.472200 10.07600
53968.472600  9.97900
53968.473000 10.02700
53968.478700 10.11800
53968.479100 10.12100
53968.479500 10.10100
53968.479900 10.07800
53968.480700 10.01400
53968.481100 10.08600
53968.481500  9.98800
53968.481800 10.12300
53968.486900 10.09300
53968.487300 10.10600
53968.487700 10.09300
53968.488000 10.13800
53968.488800 10.11400
53968.489200 10.07300
53968.489500 10.14500
53968.489900 10.13100
53968.496600 10.13400
53968.497000 10.09100
53968.497400 10.09600
53968.497700 10.16000
53968.498700 10.18300
53968.499100 10.19600
53968.499400 10.18000
53968.499800 10.11200
53968.506100 10.23300
53968.506500 10.33200
53968.506900 10.29500
53968.507200 10.29200
53968.508100 10.35400
53968.508500 10.26500
53968.508900 10.35700
53968.509200 10.28100
53968.514000 10.36000
53968.514400 10.33700
53968.514800 10.25400
53968.515100 10.27900
53968.516000 10.31100
53968.516400 10.29400
53968.516800 10.27700
53968.517200 10.24200
53968.524200 10.41500
53968.524500 10.29300
53968.524900 10.32900
53968.525300 10.46500
53968.526200 10.37100
53968.526500 10.36100
53968.526900 10.35900
53968.527300 10.34000
53968.532100 10.45500
53968.532500 10.40300
53968.532900 10.46700
53968.533300 10.42600
53968.534100 10.41900
53968.534500 10.42500
53968.534800 10.37400
53968.535200 10.54700
53968.540100 10.41100
53968.540500 10.45400
53968.540900 10.51800
53968.541300 10.46100
53968.542200 10.54100
53968.542500 10.50900
53968.542900 10.55500
53968.543300 10.38200
53968.548300 10.52400
53968.548700 10.42000
53968.549100 10.51100
53968.549400 10.55300
53968.550300 10.50400
53968.550700 10.49100
53968.551100 10.56800
53968.551600 10.54600
53968.556200 10.58700
53968.556500 10.50400
53968.556900 10.43300
53968.557300 10.50600
53968.558100 10.45300
53968.558500 10.59400
53968.558900 10.63900
53968.560300 10.59800
53968.565900 10.69100
53968.566300 10.64000
53968.566700 10.62300
53968.567100 10.52800
53968.567900 10.61100
53968.568300 10.68000
53968.568800 10.62900
53968.569100 10.57300
53968.573700 10.57900
53968.574100 10.62300
53968.574400 10.60100
53968.574800 10.62300
53968.575800 10.64500
53968.576200 10.71200
53968.576600 10.52500
53968.577000 10.54200
53968.581700 10.46900
53968.582100 10.53300
53968.582500 10.60100
53968.582900 10.51800
53968.583600 10.46200
53968.583900 10.54400
53968.584300 10.51500
53968.584700 10.54400
53975.305500  9.81600
53975.306000  9.80900
53975.307100  9.83200
53975.315200  9.80600
53975.315800  9.89300
53975.316900  9.81000
53975.317300  9.91700
53975.323300  9.85900
53975.323700  9.81900
53975.324500  9.83200
53975.325000  9.81700
53975.333500  9.80800
53975.334100  9.81000
53975.334900  9.81000
53975.335300  9.86300
53975.341500  9.82900
53975.341900  9.86600
53975.342800  9.85600
53975.343400  9.81400
53975.350900  9.81700
53975.351300  9.81000
53975.352100  9.87800
53975.352500  9.91500
53975.358800  9.85900
53975.359200  9.83700
53975.360000  9.90700
53975.360400  9.84500
53975.367700  9.83600
53975.368200  9.89900
53975.369100  9.77800
53975.376700  9.85000
53975.377200  9.79000
53975.378100  9.86000
53975.378700  9.83600
53975.386100  9.80900
53975.386500  9.87300
53975.387500  9.83100
53975.388000  9.84400
53975.394700  9.88800
53975.395100  9.84000
53975.395500  9.82500
53975.396500  9.83200
53975.404600  9.89700
53975.405600  9.92600
53975.407000  9.79000
53975.407700  9.82600
53975.415500  9.88800
53975.415900  9.83000
53975.416800  9.82300
53975.417300  9.81600
53975.425700  9.86700
53975.426100  9.87100
53975.427200  9.90700
53975.427700  9.89700
53975.437200  9.85900
53975.437700  9.81300
53975.439100  9.89300
53975.439500  9.82200
53975.447100  9.84500
53975.447600  9.85200
53975.448600  9.86900
53975.449000  9.84200
53975.488200  9.86600
53975.488600  9.81700
53975.489600  9.86900
53975.489900  9.85900
53975.497400  9.87900
53975.497800  9.84900
53975.498900  9.84000
53977.285600  9.85600
53977.286000  9.88700
53977.287400  9.88800
53977.287800  9.82500
53977.294600  9.89100
53977.295100  9.87700
53977.296000  9.87400
53977.296400  9.85200
53977.303100  9.82000
53977.303600  9.86600
53977.304400  9.83600
53977.304800  9.79300
53977.310300  9.86800
53977.310800  9.88500
53977.311800  9.89200
53977.312400  9.92500
53977.319700  9.91200
53977.320100  9.89200
53977.320900  9.79700
53977.321300  9.82100
53977.326900  9.81100
53977.327400  9.79000
53977.328300  9.83100
53977.328700  9.78700
53977.337200  9.86100
53977.337700  9.85600
53977.338700  9.84200
53977.339100  9.90200
53977.345600  9.87600
53977.346100  9.82300
53977.346900  9.90800
53977.347300  9.85400
53978.289600  9.86500
53978.290100  9.87500
53978.291000  9.81000
53978.291600  9.85300
53978.298800  9.86000
53978.299200  9.90000
53978.300100  9.78400
53978.300500  9.82100
53978.307000  9.84700
53978.307500  9.85100
53978.308200  9.84800
53978.308700  9.81900
53978.314300  9.84500
53978.314700  9.83400
53978.315400  9.83000
53978.315800  9.84900
53983.303900  9.77500
53983.304400  9.83900
53983.305200  9.84500
53983.305700  9.84500
53983.310900  9.77800
53983.311300  9.88300
53983.312000  9.88800
53983.312300  9.84800
53983.317700  9.89300
53983.318100  9.83000
53983.319300  9.86300
53983.319600  9.80900
53983.325300  9.82400
53983.325700  9.82800
53983.326500  9.85500
53983.326900  9.82900
53984.499300  9.87900
53984.499800  9.85700
53984.500400  9.80400
53984.500800  9.81300
53984.506300  9.83200
53984.507200  9.82000
53984.507600  9.86800
53987.428400  9.84200
53987.429900  9.82600
53987.430300  9.88500
53987.430700  9.82900
53987.436200  9.78800
53987.436600  9.78000
53987.437600  9.82200
53987.438000  9.83100
53987.444800  9.85000
53987.445200  9.84500
53987.445900  9.85600
53987.446300  9.84300
53987.452400  9.79500
53987.452800  9.83100
53987.453400  9.88800
53987.453800  9.81500
53987.459300  9.86600
53987.459700  9.87300
53987.460300  9.82500
53987.460700  9.82900
53988.400000  9.85900
53988.400400  9.93600
53988.401100  9.80400
53988.401500  9.93000
53988.406100  9.86400
53988.406500  9.81600
53988.407100  9.89500
53988.407400  9.87500
53988.412100  9.91500
53988.412500  9.86900
53988.413200  9.81900
53988.413600  9.87900
53988.419000  9.85000
53988.419300  9.81400
53988.420000  9.85900
53988.420700  9.89100
53988.425900  9.91400
53988.426200  9.87900
53988.426900  9.92700
53988.427300  9.86200
53989.496000  9.90700
53989.496400  9.83700
53989.497200  9.80700
53989.497500  9.92200
53989.502500  9.89000
53989.502900  9.88000
53989.503300  9.88400
53989.503700  9.84200
53989.508700  9.83500
53989.509100  9.88800
53989.509500  9.87400
53989.509800  9.80200
53989.515700  9.84300
53989.516100  9.83400
53989.516400  9.82600
53989.516800  9.84000
53990.321300  9.87300
53990.321600  9.93900
53990.322300  9.88600
53990.322700  9.91200
53990.323100  9.85000
53990.323700  9.90000
53990.330900  9.83100
53990.331300  9.91800
53990.331700  9.86300
53990.332300  9.88400
53990.337500  9.85000
53990.337900  9.87400
53990.338400  9.86500
53990.338800  9.79000
53990.344400  9.88700
53990.344800  9.86900
53990.345900  9.88200
53990.346400  9.86400
53990.353800  9.82000
53990.354200  9.87800
53990.355000  9.91900
53990.355400  9.85000
53990.355900  9.86400
53990.361500  9.88400
53990.362100  9.92500
53990.362700  9.82600
53990.363200  9.86800
53990.369600  9.90800
53990.370000  9.92100
53990.370900  9.85100
53990.371200  9.87600
53991.322100  9.82800
53991.322600  9.84100
53991.323400  9.80700
53991.323800  9.82000
53991.328900  9.77400
53991.329600  9.77900
53991.330300  9.79200
53991.330700  9.78300
53992.414700  9.81900
53992.415100  9.82100
53992.415500  9.83100
53992.415900  9.85500
53992.422700  9.87000
53992.423200  9.85400
53992.423600  9.81800
53992.424000  9.86500
53992.429300  9.83200
53992.429700  9.86300
53992.431100  9.87500
53992.431400  9.78100
53992.436600  9.87000
53992.437000  9.80800
53992.437400  9.83900
53992.438000  9.90400
53994.252000  9.86800
53994.252400  9.85800
53994.252700  9.84200
53994.253100  9.86800
53994.258700  9.80200
53994.259100  9.81500
53994.259400  9.83700
53994.259800  9.80900
53994.330400  9.82900
53994.330700  9.85400
53994.331100  9.84100
53994.331400  9.84700
53994.335300  9.83700
53994.335700  9.85100
53994.336000  9.85700
53994.336400  9.84900
53994.409600  9.87100
53994.410000  9.86000
53994.410300  9.85900
53994.410700  9.86500
53994.414800  9.85900
53994.415200  9.82800
53994.415500  9.83600
53994.415900  9.85400
53994.447600  9.84500
53994.447900  9.81600
53994.448300  9.86100
53994.448600  9.83100
53994.453400  9.85800
53994.453700  9.85600
53994.454100  9.83300
53994.454400  9.83500
53996.477300  9.88600
53996.477800  9.84000
53996.478100  9.87400
53996.478500  9.87100
53996.483500  9.92100
53996.483900  9.84900
53996.484300  9.87800
53996.484700  9.79900
53996.490000  9.81700
53996.490600  9.84500
53996.491000  9.90600
53996.491400  9.84500
54010.290400  9.86600
54010.291700  9.89000
54010.292400  9.83600
54010.292800  9.91800
54010.299000  9.88800
54010.299400  9.92500
54010.300800  9.88000
54010.301200  9.84000
54010.301700  9.92900
54010.307700  9.81600
54010.308200  9.79900
54010.308900  9.86600
54010.309400  9.85200
54010.317500  9.91600
54010.318300  9.86200
54010.318700  9.81200
54010.319900  9.82200
54010.320300  9.89100
54010.326100  9.88300
54010.326600  9.87000
54010.327600  9.91100
54010.328100  9.84000
54010.333000  9.90400
54010.333600  9.86100
54010.334400  9.83300
54010.334800  9.81500
54010.339200  9.81200
54010.339700  9.82000
54010.340600  9.80400
54010.341000  9.82500
54010.346500  9.83500
54010.346900  9.85100
54010.347900  9.85200
54010.348300  9.81500
54049.201800 10.16000
54049.202164 10.10900
54049.202546 10.12800
54049.203796 10.12900
54049.204224 10.18300
54049.204606 10.15500
54049.204977 10.14100
54049.205370 10.13400
54049.210347 10.26300
54049.210798 10.17600
54049.211342 10.22900
54049.211724 10.10500
54049.212477 10.27300
54049.213055 10.22700
54049.213426 10.26100
54049.218565 10.24400
54049.219051 10.32700
54049.219444 10.31800
54049.219815 10.32000
54049.221030 10.26200
54049.221528 10.27900
54049.221979 10.27400
54049.222361 10.30400
54049.228148 10.32100
54049.228576 10.25700
54049.229016 10.34300
54049.229398 10.27800
54049.230914 10.33100
54049.231377 10.40100
54049.231956 10.32500
54049.232338 10.35200
54049.236886 10.33300
54049.237291 10.38300
54049.237685 10.40500
54049.238067 10.35800
54049.238680 10.41500
54049.239085 10.37200
54049.239467 10.42900
54049.239872 10.38500
54049.244479 10.43000
54049.244872 10.53200
54049.245278 10.45800
54049.245660 10.49000
54049.246238 10.43600
54049.246632 10.49600
54049.247048 10.42000
54049.247430 10.47400
54049.252048 10.54300
54049.252454 10.50700
54049.252824 10.55200
54049.253217 10.47300
54049.253877 10.53100
54049.255011 10.47500
54049.255440 10.54800
54049.260856 10.58000
54049.261285 10.59500
54049.261724 10.55400
54049.262106 10.49100
54049.262893 10.49300
54049.263310 10.54500
54049.263761 10.60900
54049.264178 10.56800
54049.269271 10.55500
54049.269664 10.49000
54049.270127 10.58300
54049.270660 10.59100
54049.271331 10.60200
54049.271747 10.56300
54049.272141 10.60900
54049.272558 10.56500
54049.278588 10.57200
54049.279016 10.65900
54049.279398 10.61600
54049.279791 10.52700
54049.280440 10.66400
54049.280822 10.59600
54049.281227 10.63100
54049.281643 10.66700
54049.286308 10.59700
54049.286794 10.56800
54049.287199 10.61700
54049.287859 10.52700
54049.288518 10.60400
54049.288912 10.61300
54049.289294 10.61600
54049.289861 10.69300
54049.294954 10.66600
54049.295706 10.68600
54049.296400 10.62900
54049.296875 10.57200
54049.297685 10.57000
54049.298102 10.59500
54049.298472 10.50000
54049.298854 10.55700
54049.303866 10.46200
54049.304618 10.44300
54049.305058 10.45200
54049.305474 10.49900
54049.306111 10.50700
54049.306493 10.41300
54049.306886 10.44000
54049.307268 10.41200
54049.312100 10.41800
54049.312500 10.43300
54049.312900 10.41200
54049.313400 10.41100
54049.316300 10.38800
54049.316700 10.36500
54049.317100 10.47000
54049.322000 10.30100
54049.322400 10.42400
54049.322900 10.27200
54049.323200 10.39700
54049.323900 10.37200
54049.324400 10.33800
54049.324700 10.33400
54049.325100 10.39600
54049.329800 10.36400
54049.330200 10.31600
54049.330600 10.26900
54049.331000 10.28600
54049.331700 10.24400
54049.332100 10.34400
54049.332500 10.21200
54049.333000 10.22600
54049.338900 10.23500
54049.339300 10.18100
54049.339800 10.21500
54049.340300 10.21200
54049.341200 10.20000
54049.341600 10.35000
54049.342000 10.17000
54049.342400 10.26600
54049.347400 10.19900
54049.347800 10.22000
54049.348300 10.15100
54049.348700 10.22400
54049.349400 10.25000
54049.349800 10.24000
54049.350200 10.19500
54049.350600 10.23000
54049.356500 10.13000
54049.356900 10.08900
54049.357300 10.07100
54049.358100 10.12700
54049.358500 10.11200
54049.358900 10.10100
54049.359400 10.02700
54049.359800 10.06700
54049.366400 10.14900
54049.366800 10.04400
54049.367300 10.14300
54049.367700 10.08800
54049.368300 10.05100
54049.368800 10.09300
54049.369200  9.99900
54049.369600 10.03900
54049.374500 10.11000
54049.374900  9.99900
54049.375300  9.98400
54049.375700  9.98700
54049.376600  9.95300
54049.377000  9.99600
54049.377500  9.97200
54049.377900 10.09400
54049.382500  9.94000
54049.382900  9.95300
54049.383400  9.95400
54049.383700  9.96000
54049.392200 10.01900
54049.392600 10.02000
54049.393000  9.94900
54049.393400  9.97200
54055.196700  9.84600
54055.197100  9.85000
54055.198300  9.84500
54055.198800  9.79100
54055.207400  9.86700
54055.208400  9.90000
54055.209100  9.88800
54055.209700  9.84000
54057.290500  9.82400
54057.290600  9.85000
54057.290700  9.83000
54057.290800  9.80700
54057.298600  9.91400
54057.298700  9.86600
54057.298900  9.88500
54057.299000  9.91400
54057.306700  9.81800
54057.306900  9.84000
54057.307000  9.87200
54057.307100  9.88000
54057.314200  9.88100
54057.314300  9.87200
54057.314400  9.80900
54057.314500  9.87500
54057.323000  9.86900
54057.323200  9.86500
54057.323300  9.90300
54057.323400  9.84600
54057.329300  9.83100
54057.329400  9.82700
54057.329500  9.80700
54057.329600  9.88200
54058.285500  9.82300
54058.285600  9.85000
54058.285800  9.83700
54058.285900  9.84200
54058.292400  9.86100
54058.292500  9.84700
54058.292600  9.85600
54058.292800  9.86000
54058.299100  9.88800
54058.299200  9.88400
54058.299300  9.86300
54058.299400  9.87500
54058.305500  9.86300
54058.305600  9.85300
54058.305700  9.82800
54058.305800  9.83900
54058.312200  9.84700
54058.312400  9.87500
54058.312500  9.86900
54058.312600  9.83600
54058.318700  9.88700
54058.318800  9.85500
54058.318900  9.85500
54058.319100  9.86700
54058.328900  9.85100
54058.329000  9.80800
54058.329100  9.82800
54058.329300  9.83400
54058.336900  9.87600
54058.337000  9.83600
54058.337200  9.83900
54058.337300  9.82500
54058.343700  9.85500
54058.343800  9.85100
54058.343900  9.87700
54058.344000  9.80400
54058.350700  9.84000
54058.350800  9.91100
54058.350900  9.88200
54058.351000  9.88100
54058.357800  9.88400
54058.357900  9.91400
54058.358100  9.92200
54058.358200  9.90300
54058.364600  9.92400
54058.364700  9.87400
54058.364800  9.87300
54058.364900  9.90200
54058.371400  9.83200
54058.371500  9.82100
54058.371700  9.84100
54058.371800  9.82500
54058.378400  9.81500
54058.378500  9.84300
54058.378600  9.82400
54058.378700  9.82900
54059.248100  9.81200
54066.185600  9.84900
54066.186400  9.83400
54066.187000  9.88900
54066.187400  9.85800
54066.188100  9.81600
54066.188500  9.86400
54066.188900  9.86500
54066.189400  9.89000
54066.198600  9.86700
54066.199500  9.89500
54066.199900  9.87200
54066.200700  9.83400
54066.201100  9.91200
54066.201700  9.88400
54066.202200  9.84700
54066.202600  9.84100
54066.209000  9.79500
54066.209400  9.86700
54066.209900  9.84000
54066.210600  9.84500
54066.211000  9.86900
54066.211400  9.89000
54066.212100  9.88600
54066.212500  9.87300
54066.219700  9.84100
54066.220300  9.81200
54066.221400  9.83100
54066.222000  9.86000
54066.224300  9.87500
54066.224700  9.84500
54066.225100  9.90400
54066.225800  9.89900
54066.237100  9.90600
54066.237600  9.83100
54066.238000  9.83500
54066.238700  9.86700
54066.239200  9.87300
54066.239600  9.89800
54066.240100  9.89700
54072.242000  9.86200
54072.242600  9.86900
54072.243200  9.77800
54072.243600  9.78000
54072.249100  9.84100
54072.249500  9.81800
54072.249900  9.90400
54072.250200  9.78700
54072.255600  9.79700
54072.255900  9.81400
54072.256300  9.89300
54072.256700  9.86400
54080.235600  9.87700
54080.236000  9.88900
54080.236800  9.82500
54080.237200  9.84000
54080.243300  9.84000
54080.243900  9.80700
54080.244900  9.89400
54080.245400  9.80600
54301.421300  9.86100
54301.421600  9.85200
54301.422000  9.87300
54301.422300  9.88100
54301.509200  9.85300
54301.509500  9.87000
54301.509900  9.86900
54301.510200  9.86400
54301.556700  9.84800
54301.557100  9.85800
54301.557400  9.85000
54301.557800  9.85300
54302.506800  9.87800
54302.507100  9.84200
54302.507500  9.86400
54302.507800  9.87800
54302.512700  9.89600
54302.513100  9.85600
54302.513400  9.85800
54302.513800  9.87400
54316.356700  9.86900
54316.357100  9.85600
54316.357400  9.91000
54316.362300  9.88200
54316.362600  9.84200
54316.363000  9.85100
54316.434000  9.86000
54316.434400  9.84200
54316.434700  9.84300
54321.427200  9.85600
54321.427600  9.82500
54321.427900  9.85000
54321.435900  9.85500
54321.436200  9.84800
54321.436600  9.87100
54321.444600  9.85200
54321.444900  9.85500
54321.445300  9.83800
54321.452500  9.84500
54321.452900  9.84700
54321.453200  9.85200
54322.336700  9.82400
54322.337100  9.79500
54322.337400  9.86700
54322.342300  9.85500
54322.342600  9.85900
54322.343000  9.88000
54322.390100  9.83100
54322.390500  9.87600
54322.390800  9.88400
54322.396000  9.82300
54322.396300  9.80600
54322.396600  9.82700
54322.475900  9.86200
54322.476200  9.86300
54322.476600  9.87500
54322.476900  9.85700
54322.565800  9.84800
54322.566100  9.85500
54322.566400  9.81600
54322.566800  9.83600
54323.395800  9.86000
54323.396200  9.87200
54323.396500  9.88700
54323.404500  9.82400
54323.404900  9.84100
54323.405200  9.85900
54323.465600  9.86100
54323.466000  9.81800
54323.466300  9.83700
54323.472900  9.84800
54323.473300  9.82800
54323.473600  9.78900
54323.553100  9.88300
54323.553500  9.83900
54323.553800  9.85600
54323.559500  9.87200
54323.559900  9.86900
54323.560200  9.86000
54324.313700  9.83000
54324.314100  9.87000
54324.314400  9.78800
54324.319100  9.79500
54324.319400  9.85900
54324.319800  9.82100
54324.377400  9.85200
54324.377800  9.85300
54324.378100  9.84300
54324.382700  9.84500
54324.383000  9.83400
54324.383400  9.82300
54324.436000  9.84100
54324.436400  9.83400
54324.436700  9.85700
54324.441200  9.84000
54324.441500  9.83700
54324.441900  9.83300
54324.515700  9.86000
54324.516000  9.85300
54324.516400  9.86700
54324.520400  9.85800
54324.520800  9.83700
54324.521100  9.84000
54324.570300  9.82500
54324.570600  9.85400
54324.571000  9.86300
54325.301500  9.85500
54325.301800  9.84300
54325.302200  9.79500
54325.302500  9.83500
54325.308100  9.81200
54325.308400  9.84300
54325.308900  9.89600
54325.309200  9.87600
54325.393700  9.83500
54325.394000  9.86700
54325.394400  9.85500
54325.395100  9.84100
54326.359200  9.83500
54326.359600  9.85800
54326.359900  9.83800
54326.360300  9.80700
54326.365200  9.83100
54326.365500  9.83600
54326.365900  9.87800
54326.366200  9.88100
54326.405900  9.83100
54326.406200  9.84300
54326.406600  9.82800
54326.406900  9.84500
54326.492400  9.81900
54326.492800  9.85000
54326.493100  9.83900
54326.493500  9.84600
54326.497700  9.84000
54326.498100  9.85400
54326.498400  9.82100
54326.498700  9.81900
54326.532000  9.82600
54326.532300  9.81200
54326.532700  9.80700
54326.533000  9.83400
54326.570500  9.80900
54326.570900  9.84900
54326.571200  9.82800
54326.571600  9.79300
54329.383900  9.83700
54329.384300  9.87200
54329.384600  9.87800
54329.388900  9.83900
54329.389300  9.87000
54329.389600  9.85000
54332.357100  9.85300
54332.357400  9.81800
54332.357800  9.86300
54332.358100  9.86700
54332.362300  9.85400
54332.362700  9.84300
54332.363000  9.84800
54332.363400  9.84000
54335.570800  9.83900
54335.571100  9.80600
54335.571500  9.85100
54335.571800  9.84200
54335.576400  9.87300
54335.576700  9.84300
54335.577100  9.81900
54335.577400  9.86300
54335.581800  9.85600
54335.582200  9.84400
54335.582500  9.83200
54335.582900  9.83300
54335.586900  9.88400
54335.587300  9.87700
54335.587600  9.88200
54335.588000  9.88300
54342.302600  9.81500
54342.302900  9.83700
54342.303300  9.84500
54342.309300  9.83100
54342.309600  9.82600
54342.310000  9.84200
54342.310300  9.86200
54342.363300  9.80000
54342.363600  9.80800
54342.364000  9.84500
54342.364300  9.85100
54342.370500  9.86400
54342.370800  9.89800
54342.371200  9.84400
54342.371500  9.88300
54343.294500  9.78400
54343.294800  9.81800
54343.295200  9.85600
54343.295500  9.85500
54343.351200  9.82000
54343.351500  9.82800
54343.351900  9.80200
54343.352200  9.79300
54343.356600  9.86100
54343.356900  9.85400
54343.357300  9.84900
54343.357600  9.83400
54343.362000  9.85700
54343.362300  9.84100
54343.362700  9.81900
54343.363000  9.84000
54343.363800  9.83100
54343.364200  9.84400
54343.364500  9.82700
54343.364900  9.78500
54343.369200  9.86100
54343.369600  9.84000
54343.369900  9.88800
54343.370300  9.89600
54343.370600  9.88000
54343.371000  9.89300
54343.371600  9.85000
54343.372000  9.86100
54343.376400  9.82700
54343.376700  9.85000
54343.377100  9.84600
54343.377400  9.82500
54343.377800  9.81900
54343.378500  9.82400
54343.378800  9.85900
54343.379100  9.83800
54343.383800  9.83100
54343.384100  9.80700
54343.384400  9.83100
54343.384800  9.82300
54343.385100  9.82400
54343.385500  9.82200
54343.385800  9.82100
54343.386200  9.80300
54343.453300  9.82800
54343.453600  9.81300
54343.454000  9.83800
54343.454300  9.85200
54343.499800  9.80900
54343.500200  9.81000
54343.500500  9.78000
54343.500900  9.77800
54343.541700  9.82300
54343.542000  9.83400
54343.542400  9.91100
54343.542700  9.83000
54344.297400  9.88300
54344.297700  9.88000
54344.298100  9.88300
54344.303000  9.88100
54344.303300  9.90300
54344.303700  9.88000
54344.304000  9.89200
54344.308800  9.85400
54344.309100  9.88900
54344.309500  9.84500
54344.309800  9.84400
54344.339700  9.84800
54344.340100  9.83500
54344.340400  9.85900
54344.340800  9.86700
54345.277000  9.87100
54345.277300  9.89200
54345.277700  9.86700
54345.282900  9.88400
54345.283200  9.87000
54345.283600  9.84700
54345.339500  9.85400
54345.339800  9.85400
54345.340200  9.82900
54345.347000  9.85600
54345.347400  9.87400
54345.347700  9.87000
54346.277400  9.82200
54346.277800  9.86600
54346.278100  9.88000
54346.283800  9.81700
54346.284200  9.81400
54346.284500  9.81200
54346.431800  9.83600
54346.432200  9.82100
54346.432500  9.83400
54347.347700  9.84900
54347.348000  9.82800
54347.348400  9.85000
54347.348700  9.83300
54347.353200  9.86100
54347.353600  9.84300
54347.353900  9.86800
54347.354300  9.83600
54348.292900  9.83900
54348.293300  9.83900
54348.293600  9.85400
54348.297700  9.83800
54348.298100  9.82900
54348.298400  9.86900
54355.322600  9.84300
54355.322900  9.88200
54355.323300  9.86000
54355.323600  9.83300
54355.328400  9.85200
54355.328800  9.87100
54355.329100  9.91900
54355.329500  9.91700
54356.271900  9.88000
54356.272200  9.84500
54356.272600  9.88600
54356.272900  9.87200
54356.545900  9.88600
54356.546200  9.88600
54356.546500  9.88800
54356.546900  9.92200
54357.266400  9.83300
54357.266800  9.83800
54357.267100  9.83000
54357.267400  9.88300
54357.417800  9.82400
54357.418100  9.83200
54357.418500  9.88700
54357.418800  9.84700
54358.256800  9.99300
54358.257200  9.97700
54358.257500  9.98800
54358.257900  9.97300
54358.264200  9.99900
54358.264500 10.03000
54358.264900 10.02900
54358.265200 10.04600
54358.270200 10.03200
54358.270500  9.98000
54358.270900 10.01400
54358.271200 10.02100
54358.277400 10.01200
54358.277700 10.00000
54358.278100 10.00500
54358.278400 10.01300
54358.279100 10.02900
54358.279500 10.02800
54358.279800 10.05100
54358.280200 10.08900
54358.286800 10.06600
54358.287200 10.04800
54358.287500 10.07600
54358.287900 10.07200
54358.288200 10.05100
54358.290700 10.04000
54358.291000 10.04000
54358.291400 10.04800
54358.291700 10.04600
54358.298300 10.08900
54358.298600 10.09700
54358.299000 10.07800
54358.299300 10.07400
54358.299700 10.08300
54358.300800 10.06700
54358.301100 10.07200
54358.301500 10.07500
54358.308400 10.10900
54358.308700 10.09800
54358.309100 10.07600
54358.309400 10.10200
54358.309800 10.12500
54358.310600 10.13700
54358.311000 10.13300
54358.311300 10.12200
54358.311700 10.13000
54358.317100 10.12400
54358.317400 10.13600
54358.317800 10.16400
54358.318100 10.14300
54358.319000 10.12000
54358.319300 10.13200
54358.319700 10.12700
54358.320000 10.11100
54358.324900 10.13000
54358.325200 10.13400
54358.325600 10.14900
54358.325900 10.16400
54358.326900 10.16300
54358.327200 10.16100
54358.327600 10.14300
54358.327900 10.13500
54358.333100 10.15300
54358.333400 10.18700
54358.333800 10.17700
54358.334100 10.18700
54358.334900 10.18500
54358.335200 10.16000
54358.335600 10.17300
54358.335900 10.14600
54358.340300 10.17900
54358.340600 10.12400
54358.341000 10.18100
54358.341300 10.16200
54358.341700 10.14900
54358.342400 10.13700
54358.342800 10.16700
54358.343100 10.15800
54358.348300 10.16800
54358.348600 10.15900
54358.348900 10.15200
54358.349300 10.14200
54358.350000 10.16100
54358.350300 10.16000
54358.350700 10.15000
54358.351000 10.15000
54358.355800 10.19400
54358.356100 10.19300
54358.356400 10.18200
54358.356800 10.19000
54358.357500 10.17800
54358.357800 10.18300
54358.358100 10.19200
54358.358500 10.15200
54358.363000 10.16200
54358.363300 10.14600
54358.363700 10.17200
54358.364000 10.16600
54358.364700 10.15700
54358.365100 10.16400
54358.365400 10.16000
54358.365800 10.16600
54358.370300 10.15800
54358.370700 10.16900
54358.371000 10.17000
54358.371400 10.15300
54358.372100 10.15100
54358.372400 10.16400
54358.372800 10.14400
54358.373100 10.15800
54358.378200 10.18700
54358.378600 10.16700
54358.378900 10.17100
54358.379300 10.17200
54358.379600 10.17600
54358.380400 10.16500
54358.380700 10.16800
54358.381100 10.14900
54358.386000 10.12000
54358.386400 10.18600
54358.386700 10.16300
54358.387100 10.15600
54358.387800 10.15300
54358.388100 10.12200
54358.388500 10.16900
54358.388800 10.15500
54358.394100 10.15800
54358.394500 10.13800
54358.394800 10.13700
54358.395200 10.16900
54358.396000 10.14500
54358.396400 10.14400
54358.396700 10.12300
54358.397100 10.16500
54358.397400 10.18300
54358.403000 10.14500
54358.403300 10.12800
54358.403700 10.10400
54358.404000 10.11800
54358.404700 10.10900
54358.405100 10.13700
54358.405400 10.11700
54358.405800 10.12600
54358.410600 10.12200
54358.411000 10.10900
54358.411300 10.13300
54358.412000 10.12200
54358.412400 10.11900
54358.412700 10.12900
54358.413400 10.10800
54358.413800 10.11300
54358.418200 10.11000
54358.418500 10.09200
54358.418900 10.08800
54358.419200 10.12200
54358.420000 10.13100
54358.420300 10.11900
54358.420700 10.13200
54358.421000 10.10100
54358.427400 10.08100
54358.427700 10.07400
54358.428100 10.11000
54358.428400 10.09100
54358.429100 10.06600
54358.429500 10.08100
54358.429800 10.08200
54358.430200 10.07500
54358.430500 10.05700
54358.436100 10.04000
54358.436400 10.05900
54358.436700 10.05900
54358.437100 10.07500
54358.437800 10.03900
54358.438100 10.05200
54358.438500 10.04500
54358.438800 10.05200
54358.445900 10.00800
54358.446300 10.02000
54358.446600 10.01800
54358.447000 10.00400
54358.447600 10.01800
54358.447900 10.03300
54358.448300 10.03100
54358.448600 10.05400
54358.453900 10.05400
54358.454200 10.00700
54358.454600 10.02100
54358.455300 10.05200
54358.455600 10.02500
54358.456000 10.03300
54358.456300 10.03400
54358.456700  9.98500
54358.462200 10.02200
54358.462600 10.00400
54358.462900 10.00100
54358.463300  9.97300
54358.464000 10.00400
54358.464400  9.98000
54358.464700  9.97700
54358.465100  9.99600
54358.470500  9.98500
54358.470800  9.95900
54358.471200  9.97600
54358.471500  9.95700
54358.472300  9.97600
54358.472700  9.98300
54358.473000  9.96400
54358.473300  9.96300
54358.479300  9.98000
54358.479700  9.97800
54358.480000  9.98600
54358.480400  9.98300
54358.481100  9.95600
54358.481400  9.94600
54358.481800  9.96000
54358.482100  9.94300
54358.488700  9.93700
54358.489000  9.98300
54358.489400  9.95200
54358.489700  9.95800
54358.490100  9.97200
54358.491600  9.88900
54358.491900  9.90800
54358.492300  9.91100
54392.223200 10.02800
54392.223500 10.05400
54392.223900 10.06200
54392.224200 10.07300
54392.224900 10.07900
54392.225200 10.03400
54392.225600 10.05500
54392.225900 10.08900
54392.230100 10.11000
54392.230500 10.09200
54392.230800 10.12200
54392.231200 10.12300
54392.231500 10.08700
54392.232200 10.09500
54392.232500 10.10100
54392.232900 10.12500
54392.236900 10.13500
54392.237300 10.13500
54392.237600 10.14900
54392.238000 10.14900
54392.238700 10.16800
54392.239100 10.20400
54392.239400 10.15600
54392.239800 10.20400
54392.243900 10.18300
54392.244200 10.19500
54392.244600 10.19700
54392.244900 10.21500
54392.245800 10.22300
54392.246100 10.20900
54392.246500 10.23700
54392.246800 10.22200
54392.251300 10.23100
54392.251700 10.23400
54392.252000 10.22500
54392.252400 10.26000
54392.253100 10.22700
54392.253400 10.24200
54392.253800 10.27100
54392.254100 10.26900
54392.258300 10.30200
54392.258600 10.29200
54392.259000 10.27900
54392.259300 10.26400
54392.259700 10.30600
54392.260400 10.30700
54392.260800 10.30300
54392.261100 10.31000
54392.267400 10.31800
54392.267700 10.34100
54392.268100 10.37600
54392.268400 10.36500
54392.269100 10.41300
54392.269400 10.37800
54392.269800 10.39600
54392.270100 10.39500
54392.274400 10.38500
54392.274800 10.42200
54392.275100 10.41100
54392.275500 10.42000
54392.276200 10.43000
54392.276600 10.41900
54392.276900 10.40600
54392.277300 10.44800
54392.281800 10.48700
54392.282100 10.46600
54392.282500 10.47500
54392.282800 10.48700
54392.283500 10.50300
54392.283800 10.51400
54392.284200 10.50500
54392.284500 10.49400
54392.288800 10.54500
54392.289100 10.50000
54392.289500 10.51200
54392.289800 10.53400
54392.290400 10.54400
54392.290800 10.55700
54392.291100 10.52700
54392.291500 10.57800
54392.295400 10.56500
54392.295800 10.56000
54392.296100 10.55200
54392.296500 10.55600
54392.296800 10.58600
54392.297200 10.57600
54392.297500 10.58000
54392.298200 10.54000
54392.302800 10.58600
54392.303100 10.57800
54392.303500 10.58700
54392.303800 10.58600
54392.304200 10.60000
54392.304900 10.62100
54392.305200 10.57300
54392.305600 10.59800
54392.309500 10.56900
54392.309900 10.57700
54392.310200 10.55500
54392.310600 10.56000
54392.310900 10.58800
54392.311300 10.58800
54392.311600 10.57200
54392.312300 10.59900
54392.316400 10.55200
54392.316700 10.59600
54392.317100 10.56900
54392.317400 10.55900
54392.318000 10.57600
54392.318400 10.58300
54392.318700 10.56500
54392.319100 10.58700
54392.323100 10.54700
54392.323400 10.54000
54392.323800 10.58400
54392.324100 10.53600
54392.324500 10.55700
54392.324800 10.55100
54392.325200 10.54500
54392.325500 10.53900
54392.325900 10.53400
54392.326200 10.53700
54392.326600 10.56900
54392.326900 10.55800
54392.327300 10.57200
54392.327600 10.56200
54392.328000 10.56000
54392.328300 10.51900
54392.328700 10.54800
54392.329000 10.56700
54392.329300 10.53900
54392.329700 10.52600
54392.330000 10.53700
54392.335700 10.47000
54392.336300 10.52800
54392.336700 10.48300
54392.337000 10.51500
54392.341100 10.48200
54392.341400 10.48700
54392.341800 10.47000
54392.342100 10.49400
54392.342500 10.46800
54392.343200 10.45800
54392.343600 10.43500
54392.343900 10.43000
54392.348200 10.42100
54392.348600 10.39600
54392.348900 10.36600
54392.349300 10.37900
54392.350000 10.36200
54392.350300 10.34600
54392.350700 10.34700
54392.351000 10.34600
54392.356200 10.33600
54392.356500 10.32500
54392.356800 10.32400
54392.357200 10.34900
54392.357500 10.31800
54392.357900 10.29700
54392.358200 10.31600
54392.359000 10.29300
54392.363400 10.28300
54392.363700 10.25400
54392.364000 10.24500
54392.364400 10.27200
54392.365000 10.26400
54392.365400 10.24600
54392.365700 10.25600
54392.366100 10.25000
54392.371600 10.20800
54392.372000 10.22700
54392.372300 10.23800
54392.372700 10.19800
54392.374500 10.20000
54392.374800 10.20300
54392.375200 10.19300
54392.375500 10.19400
54392.375900 10.17200
54392.380400 10.16900
54392.380800 10.11900
54392.381100 10.12600
54392.381500 10.16900
54392.381800 10.13600
54392.382200 10.15700
54392.383200 10.13900
54392.383600 10.10200
54392.388100 10.11100
54392.388400 10.08800
54392.388800 10.10600
54392.389100 10.09000
54392.389700 10.08300
54392.390100 10.07200
54392.390400 10.06800
54392.390800 10.06800
54392.395000 10.08200
54392.395400 10.10500
54392.395700 10.07200
54392.396100 10.07200
54392.396800 10.07300
54392.397100 10.06600
54392.397800 10.04500
54392.398200 10.03300
54392.398500 10.07800
54392.398900 10.06500
54392.404100 10.03000
54392.404500 10.03500
54392.404800 10.01100
54392.405100 10.03200
54392.405800 10.02200
54392.406200 10.02500
54392.406500 10.01500
54392.406900 10.01900
54392.411200  9.98500
54392.411500  9.98200
54392.411900  9.99100
54392.412200  9.96900
54392.412800  9.96000
54392.413200  9.97700
54392.413500  9.98000
54392.413900  9.93900
54392.418600  9.94000
54392.418900  9.96700
54392.419300  9.95400
54392.419600  9.93600
54392.420800  9.93700
54392.421200  9.90600
54392.421500  9.96200
54392.421900  9.92400
54392.426400  9.88500
54392.426800  9.90600
54392.427100  9.91200
54392.427500  9.90400
54392.427800  9.93900
54392.428400  9.89600
54392.428800  9.93500
54392.429100  9.92400
54392.434000  9.86000
54392.434300  9.88500
54392.434600  9.88800
54392.435000  9.84300
54392.435600  9.88400
54392.436000  9.87500
54392.436300  9.87300
54392.436700  9.92300
54392.442600  9.89200
54392.442900  9.88900
54392.443300  9.85900
54392.443600  9.92000
54392.444300  9.88500
54392.444600  9.86400
54392.445000  9.89800
54392.445300  9.88500
54392.449800  9.87200
54392.450100  9.83000
54392.450500  9.84700
54392.450800  9.85800
54392.451400  9.90000
54392.451800  9.84600
54392.452100  9.85500
54392.452500  9.87200
54392.457200  9.81700
54392.457600  9.80200
54392.457900  9.81500
54392.458200  9.84000
54392.458900  9.80100
54392.459200  9.85400
54392.459600  9.79800
54392.459900  9.83200
54392.464800  9.82900
54392.465100  9.84300
54392.465500  9.85900
54392.465800  9.88300
54392.466400  9.89000
54392.466800  9.84200
54392.467100  9.83800
54392.467500  9.85400
